en_masked_results_title_match,en_masked_results_author_match,en_masked_results_both_match,en_masked_shuffled_results_title_match,en_masked_shuffled_results_author_match,en_masked_shuffled_results_both_match
False,False,False,False,False,False
False,False,False,False,False,False
False,False,False,False,False,False
False,False,False,False,False,False
False,False,False,False,False,False
False,False,False,False,False,False
False,False,False,False,False,False
False,False,False,False,False,False
False,False,False,False,False,False
False,False,False,False,False,False
False,False,False,False,False,False
False,False,False,False,False,False
False,False,False,False,False,False
False,False,False,False,False,False
False,False,False,False,False,False
False,False,False,False,False,False
False,False,False,False,False,False
False,False,False,False,False,False
False,False,False,False,False,False
False,False,False,False,False,False
False,False,False,False,False,False
False,False,False,False,False,False
False,False,False,False,False,False
False,False,False,False,False,False
False,False,False,False,False,False
False,False,False,False,False,False
False,False,False,False,False,False
False,False,False,False,False,False
False,False,False,False,False,False
False,False,False,False,False,False
False,False,False,False,False,False
False,False,False,False,False,False
False,False,False,False,False,False
False,False,False,False,False,False
False,False,False,False,False,False
False,False,False,False,False,False
False,False,False,False,False,False
False,False,False,False,False,False
False,False,False,False,False,False
False,False,False,False,False,False
False,False,False,False,False,False
False,False,False,False,False,False
False,False,False,False,False,False
False,False,False,False,False,False
False,False,False,False,False,False
False,False,False,False,False,False
False,False,False,False,False,False
False,False,False,False,False,False
False,False,False,False,False,False
False,False,False,False,False,False
False,False,False,False,False,False
False,False,False,False,False,False
False,False,False,False,False,False
False,False,False,False,False,False
False,False,False,False,False,False
False,False,False,False,False,False
False,False,False,False,False,False
False,False,False,False,False,False
False,False,False,False,False,False
False,False,False,False,False,False
False,False,False,False,False,False
False,False,False,False,False,False
False,False,False,False,False,False
False,False,False,False,False,False
False,False,False,False,False,False
False,False,False,False,False,False
False,False,False,False,False,False
False,False,False,False,False,False
False,False,False,False,False,False
False,False,False,False,False,False
False,False,False,False,False,False
False,False,False,False,False,False
False,False,False,False,False,False
False,False,False,False,False,False
False,False,False,False,False,False
False,False,False,False,False,False
False,True,False,False,False,False
False,False,False,False,False,False
False,False,False,False,False,False
False,False,False,False,False,False
False,False,False,False,False,False
False,False,False,False,False,False
False,False,False,False,False,False
False,False,False,False,False,False
False,False,False,False,False,False
False,False,False,False,False,False
False,False,False,False,False,False
False,False,False,False,False,False
False,False,False,False,False,False
False,False,False,False,False,False
False,False,False,False,False,False
False,False,False,False,False,False
False,False,False,False,False,False
False,False,False,False,False,False
False,False,False,False,False,False
False,False,False,False,False,False
False,False,False,False,False,False
False,False,False,False,False,False
False,False,False,False,False,False
False,False,False,False,False,False
