Single_ent,st_results,st_exact_match,st_highest_fuzzy_match,st_correct,st_shuffled_results,st_shuffled_exact_match,st_shuffled_highest_fuzzy_match,st_shuffled_correct,yo_results,yo_exact_match,yo_highest_fuzzy_match,yo_correct,yo_shuffled_results,yo_shuffled_exact_match,yo_shuffled_highest_fuzzy_match,yo_shuffled_correct,tn_results,tn_exact_match,tn_highest_fuzzy_match,tn_correct,tn_shuffled_results,tn_shuffled_exact_match,tn_shuffled_highest_fuzzy_match,tn_shuffled_correct,ty_results,ty_exact_match,ty_highest_fuzzy_match,ty_correct,ty_shuffled_results,ty_shuffled_exact_match,ty_shuffled_highest_fuzzy_match,ty_shuffled_correct,mai_results,mai_exact_match,mai_highest_fuzzy_match,mai_correct,mai_shuffled_results,mai_shuffled_exact_match,mai_shuffled_highest_fuzzy_match,mai_shuffled_correct,mg_results,mg_exact_match,mg_highest_fuzzy_match,mg_correct,mg_shuffled_results,mg_shuffled_exact_match,mg_shuffled_highest_fuzzy_match,mg_shuffled_correct,st_shuffled_results,st_shuffled_exact_match,st_shuffled_highest_fuzzy_match,st_shuffled_correct,yo_shuffled_results,yo_shuffled_exact_match,yo_shuffled_highest_fuzzy_match,yo_shuffled_correct,tn_shuffled_results,tn_shuffled_exact_match,tn_shuffled_highest_fuzzy_match,tn_shuffled_correct,ty_shuffled_results,ty_shuffled_exact_match,ty_shuffled_highest_fuzzy_match,ty_shuffled_correct,mai_shuffled_results,mai_shuffled_exact_match,mai_shuffled_highest_fuzzy_match,mai_shuffled_correct,mg_shuffled_results,mg_shuffled_exact_match,mg_shuffled_highest_fuzzy_match,mg_shuffled_correct,en_results,en_exact_match,en_highest_fuzzy_match,en_correct,en_shuffled_results,en_shuffled_exact_match,en_shuffled_highest_fuzzy_match,en_shuffled_correct,tr_results,tr_exact_match,tr_highest_fuzzy_match,tr_correct,tr_shuffled_results,tr_shuffled_exact_match,tr_shuffled_highest_fuzzy_match,tr_shuffled_correct,vi_results,vi_exact_match,vi_highest_fuzzy_match,vi_correct,vi_shuffled_results,vi_shuffled_exact_match,vi_shuffled_highest_fuzzy_match,vi_shuffled_correct,es_results,es_exact_match,es_highest_fuzzy_match,es_correct,es_shuffled_results,es_shuffled_exact_match,es_shuffled_highest_fuzzy_match,es_shuffled_correct,en_shuffled_results,en_shuffled_exact_match,en_shuffled_highest_fuzzy_match,en_shuffled_correct,tr_shuffled_results,tr_shuffled_exact_match,tr_shuffled_highest_fuzzy_match,tr_shuffled_correct,vi_shuffled_results,vi_shuffled_exact_match,vi_shuffled_highest_fuzzy_match,vi_shuffled_correct,es_shuffled_results,es_shuffled_exact_match,es_shuffled_highest_fuzzy_match,es_shuffled_correct
"['smith', 'winston smith', 'winston']",winston smith,1,1.0,correct,april,0,0.2,incorrect,winston smith,1,1.0,correct,heaven,0,0.18,incorrect,jesus,0,0.22,incorrect,adolf hitler,0,0.32,incorrect,winston smith,1,1.0,correct,google,0,0.15,incorrect,vijay,0,0.2,incorrect,ice,0,0.25,incorrect,expedition,0,0.47,incorrect,hitler,0,0.36,incorrect,april,0,0.2,incorrect,heaven,0,0.18,incorrect,adolf hitler,0,0.32,incorrect,google,0,0.15,incorrect,ice,0,0.25,incorrect,hitler,0,0.36,incorrect,winston,1,1.0,correct,light,0,0.4,incorrect,resat nuri,0,0.35,incorrect,nisan,0,0.5,incorrect,nguyen nhat anh,0,0.36,incorrect,tran,0,0.36,incorrect,winston,1,1.0,correct,victoria,0,0.4,incorrect,light,0,0.4,incorrect,nisan,0,0.5,incorrect,tran,0,0.36,incorrect,victoria,0,0.4,incorrect
['winston'],charles dickens,0,0.27,incorrect,albert einstein,0,0.45,incorrect,leonardo da vinci,0,0.25,incorrect,google,0,0.15,incorrect,god,0,0.2,incorrect,shebile,0,0.14,incorrect,charles darwin,0,0.29,incorrect,tahiti,0,0.31,incorrect,big brother,0,0.22,incorrect,eiffel,0,0.15,incorrect,big brother,0,0.22,incorrect,madagascar,0,0.12,incorrect,albert einstein,0,0.45,incorrect,google,0,0.15,incorrect,shebile,0,0.14,incorrect,tahiti,0,0.31,incorrect,eiffel,0,0.15,incorrect,madagascar,0,0.12,incorrect,winston,1,1.0,correct,hitler,0,0.31,incorrect,winston,1,1.0,correct,mustafa kemal ataturk,0,0.14,incorrect,khong co thong tin,0,0.32,incorrect,nguyen dinh chieu,0,0.17,incorrect,winston,1,1.0,correct,orwell,0,0.15,incorrect,hitler,0,0.31,incorrect,mustafa kemal ataturk,0,0.14,incorrect,nguyen dinh chieu,0,0.17,incorrect,orwell,0,0.15,incorrect
"['winston', 'wiston']",diary,0,0.18,incorrect,diary,0,0.18,incorrect,shakespeare,0,0.12,incorrect,shakespeare,0,0.12,incorrect,google,0,0.17,incorrect,god,0,0.22,incorrect,george orwell,0,0.11,incorrect,tahiti,0,0.33,incorrect,winston,1,1.0,correct,shakespeare,0,0.12,incorrect,winston,1,1.0,correct,jesus,0,0.18,incorrect,diary,0,0.18,incorrect,shakespeare,0,0.12,incorrect,god,0,0.22,incorrect,tahiti,0,0.33,incorrect,shakespeare,0,0.12,incorrect,jesus,0,0.18,incorrect,winston,1,1.0,correct,brother,0,0.15,incorrect,elin,0,0.4,incorrect,defter,0,0.17,incorrect,anh,0,0.22,incorrect,dao,0,0.22,incorrect,winston,1,1.0,correct,periodico,0,0.27,incorrect,brother,0,0.15,incorrect,defter,0,0.17,incorrect,dao,0,0.22,incorrect,periodico,0,0.27,incorrect
"['señora parsons', 'bayan parsons', 'señora', 'parsons', 'bayan']",jesus,0,0.33,incorrect,jesus,0,0.33,incorrect,oliver,0,0.33,incorrect,yoruba,0,0.5,incorrect,jesus,0,0.33,incorrect,friday,0,0.36,incorrect,tahiti,0,0.18,incorrect,tahiti,0,0.18,incorrect,ram,0,0.44,incorrect,ram,0,0.44,incorrect,jesus,0,0.33,incorrect,jesus,0,0.33,incorrect,jesus,0,0.33,incorrect,yoruba,0,0.5,incorrect,friday,0,0.36,incorrect,tahiti,0,0.18,incorrect,ram,0,0.44,incorrect,jesus,0,0.33,incorrect,stephen,0,0.46,incorrect,eleanor,0,0.62,incorrect,anneci,0,0.36,incorrect,anneleri,0,0.31,incorrect,ba,0,0.57,incorrect,quay,0,0.44,incorrect,madre,0,0.33,incorrect,madrid,0,0.31,incorrect,eleanor,0,0.62,incorrect,anneleri,0,0.31,incorrect,quay,0,0.44,incorrect,madrid,0,0.31,incorrect
['tom'],jesus,0,0.0,incorrect,jesus,0,0.0,incorrect,oliver,0,0.22,incorrect,god,0,0.33,incorrect,god,0,0.33,incorrect,god,0,0.33,incorrect,tahiti,0,0.22,incorrect,tahiti,0,0.22,incorrect,ram,0,0.33,incorrect,ram,0,0.33,incorrect,izy,0,0.0,incorrect,andriamanitra,0,0.12,incorrect,jesus,0,0.0,incorrect,god,0,0.33,incorrect,god,0,0.33,incorrect,tahiti,0,0.22,incorrect,ram,0,0.33,incorrect,andriamanitra,0,0.12,incorrect,he,0,0.0,incorrect,god,0,0.33,incorrect,annecigi,0,0.0,incorrect,tanri,0,0.25,incorrect,ay,0,0.0,incorrect,dat,0,0.33,incorrect,juan,0,0.0,incorrect,barcelona,0,0.17,incorrect,god,0,0.33,incorrect,tanri,0,0.25,incorrect,dat,0,0.33,incorrect,barcelona,0,0.17,incorrect
"['winston', 'eurasia']",albert einstein,0,0.45,incorrect,africa,0,0.46,incorrect,ukraine,0,0.57,incorrect,europe,0,0.46,incorrect,botswana,0,0.27,incorrect,botswana,0,0.27,incorrect,nostradamus,0,0.33,incorrect,tahiti,0,0.31,incorrect,napoleon,0,0.4,incorrect,eurovision,0,0.59,incorrect,adolf hitler,0,0.21,incorrect,ary,0,0.2,incorrect,africa,0,0.46,incorrect,europe,0,0.46,incorrect,botswana,0,0.27,incorrect,tahiti,0,0.31,incorrect,eurovision,0,0.59,incorrect,ary,0,0.2,incorrect,winston,1,1.0,correct,stalingrad,0,0.35,incorrect,napolyon,0,0.4,incorrect,gram,0,0.36,incorrect,winston,1,1.0,correct,churchill,0,0.38,incorrect,el,0,0.22,incorrect,alemania,0,0.53,incorrect,stalingrad,0,0.35,incorrect,gram,0,0.36,incorrect,churchill,0,0.38,incorrect,alemania,0,0.53,incorrect
['winston'],lebron james,0,0.21,incorrect,disney,0,0.46,incorrect,winston smith,0,0.7,correct,youtube,0,0.14,incorrect,winston churchill,0,0.58,incorrect,botswana,0,0.27,incorrect,jerks,0,0.17,incorrect,jerusalem,0,0.12,incorrect,george orwell,0,0.1,incorrect,newton,0,0.62,incorrect,winston smith,0,0.7,correct,andriamahilani,0,0.19,incorrect,disney,0,0.46,incorrect,youtube,0,0.14,incorrect,botswana,0,0.27,incorrect,jerusalem,0,0.12,incorrect,newton,0,0.62,incorrect,andriamahilani,0,0.19,incorrect,winston,1,1.0,correct,winston,1,1.0,correct,winston,1,1.0,correct,marx,0,0.0,incorrect,k,0,0.0,incorrect,ho chi minh,0,0.22,incorrect,winston,1,1.0,correct,google,0,0.15,incorrect,winston,1,1.0,correct,marx,0,0.0,incorrect,ho chi minh,0,0.22,incorrect,google,0,0.15,incorrect
"[""winston'ın"", 'winston’s', 'winston']",winston,1,1.0,correct,england,0,0.29,incorrect,winston,1,1.0,correct,england,0,0.29,incorrect,london,0,0.46,incorrect,england,0,0.29,incorrect,london,0,0.46,incorrect,london,0,0.46,incorrect,england,0,0.29,incorrect,charles darwin,0,0.29,incorrect,london,0,0.46,incorrect,heathrow,0,0.27,incorrect,england,0,0.29,incorrect,england,0,0.29,incorrect,england,0,0.29,incorrect,london,0,0.46,incorrect,charles darwin,0,0.29,incorrect,heathrow,0,0.27,incorrect,his,0,0.4,incorrect,england,0,0.29,incorrect,londra,0,0.31,incorrect,charles dickens,0,0.27,incorrect,anh,0,0.2,incorrect,england,0,0.29,incorrect,londres,0,0.38,incorrect,inglaterra,0,0.35,incorrect,england,0,0.29,incorrect,charles dickens,0,0.27,incorrect,england,0,0.29,incorrect,inglaterra,0,0.35,incorrect
['winston'],london,0,0.46,incorrect,london,0,0.46,incorrect,colchester,0,0.24,incorrect,colchester,0,0.24,incorrect,jesus,0,0.17,incorrect,jesus,0,0.17,incorrect,colchester,0,0.24,incorrect,colchester,0,0.24,incorrect,colchester,0,0.24,incorrect,colchester,0,0.24,incorrect,london,0,0.46,incorrect,london,0,0.46,incorrect,london,0,0.46,incorrect,colchester,0,0.24,incorrect,jesus,0,0.17,incorrect,colchester,0,0.24,incorrect,colchester,0,0.24,incorrect,london,0,0.46,incorrect,winston,1,1.0,correct,brother,0,0.14,incorrect,colchester,0,0.24,incorrect,hirosima,0,0.27,incorrect,anh,0,0.2,incorrect,colchester,0,0.24,incorrect,el,0,0.0,incorrect,chernobil,0,0.25,incorrect,brother,0,0.14,incorrect,hirosima,0,0.27,incorrect,colchester,0,0.24,incorrect,chernobil,0,0.25,incorrect
['winston'],jesus,0,0.17,incorrect,jesus,0,0.17,incorrect,oliver twist,0,0.42,incorrect,oliver,0,0.15,incorrect,god,0,0.2,incorrect,god,0,0.2,incorrect,tahiti,0,0.31,incorrect,tahiti,0,0.31,incorrect,john,0,0.36,incorrect,google,0,0.15,incorrect,god,0,0.2,incorrect,andriamanitra,0,0.3,incorrect,jesus,0,0.17,incorrect,oliver,0,0.15,incorrect,god,0,0.2,incorrect,tahiti,0,0.31,incorrect,google,0,0.15,incorrect,andriamanitra,0,0.3,incorrect,winston,1,1.0,correct,account,0,0.29,incorrect,adam,0,0.0,incorrect,turkiye,0,0.14,incorrect,nguoi dan ong,0,0.4,incorrect,nguyen,0,0.31,incorrect,maria,0,0.17,incorrect,europa,0,0.15,incorrect,account,0,0.29,incorrect,turkiye,0,0.14,incorrect,nguyen,0,0.31,incorrect,europa,0,0.15,incorrect
"['smit', 'smith']",plenty,0,0.2,incorrect,plenty,0,0.2,incorrect,odin,0,0.25,incorrect,google,0,0.0,incorrect,god,0,0.0,incorrect,jesus,0,0.22,incorrect,jesus,0,0.22,incorrect,tahiti,0,0.4,incorrect,john,0,0.22,incorrect,of money,0,0.17,incorrect,andriamahazo,0,0.24,incorrect,minister,0,0.5,incorrect,plenty,0,0.2,incorrect,google,0,0.0,incorrect,jesus,0,0.22,incorrect,tahiti,0,0.4,incorrect,of money,0,0.17,incorrect,minister,0,0.5,incorrect,winston,0,0.36,incorrect,plenty,0,0.2,incorrect,berat,0,0.22,incorrect,tarim,0,0.22,incorrect,anh,0,0.25,incorrect,nam,0,0.29,incorrect,barber,0,0.0,incorrect,ministerio,0,0.43,incorrect,plenty,0,0.2,incorrect,tarim,0,0.22,incorrect,nam,0,0.29,incorrect,ministerio,0,0.43,incorrect
['winston'],god,0,0.2,incorrect,disney,0,0.46,incorrect,george orwell,0,0.1,incorrect,odin,0,0.36,incorrect,god,0,0.2,incorrect,god,0,0.2,incorrect,moses,0,0.17,incorrect,tahiti,0,0.31,incorrect,maarks,0,0.15,incorrect,jesus,0,0.17,incorrect,andriamahilala,0,0.1,incorrect,madagascar,0,0.12,incorrect,disney,0,0.46,incorrect,odin,0,0.36,incorrect,god,0,0.2,incorrect,tahiti,0,0.31,incorrect,jesus,0,0.17,incorrect,madagascar,0,0.12,incorrect,he,0,0.0,incorrect,winston,1,1.0,correct,orwell,0,0.15,incorrect,orhan kemal,0,0.22,incorrect,nguyen cong hoan,0,0.26,incorrect,dong,0,0.36,incorrect,winston,1,1.0,correct,maria,0,0.17,incorrect,winston,1,1.0,correct,orhan kemal,0,0.22,incorrect,dong,0,0.36,incorrect,maria,0,0.17,incorrect
"['winston’s', 'winston']",leon trotsky,0,0.38,incorrect,russia,0,0.27,incorrect,midsummer,0,0.25,incorrect,napoleon,0,0.4,incorrect,friday,0,0.15,incorrect,europe,0,0.15,incorrect,europe,0,0.15,incorrect,asia,0,0.18,incorrect,rudolf hess,0,0.2,incorrect,macarthur,0,0.12,incorrect,midsummer,0,0.25,incorrect,victoria,0,0.4,incorrect,russia,0,0.27,incorrect,napoleon,0,0.4,incorrect,europe,0,0.15,incorrect,asia,0,0.18,incorrect,macarthur,0,0.12,incorrect,victoria,0,0.4,incorrect,his,0,0.4,incorrect,stalin,0,0.46,incorrect,kim,0,0.2,incorrect,moskova,0,0.29,incorrect,nguoi,0,0.33,incorrect,nguyen ai quoc,0,0.19,incorrect,al narrador,0,0.22,incorrect,stalin,0,0.46,incorrect,stalin,0,0.46,incorrect,moskova,0,0.29,incorrect,nguyen ai quoc,0,0.19,incorrect,stalin,0,0.46,incorrect
['winston'],starbucks,0,0.25,incorrect,starbucks,0,0.25,incorrect,victory coffee,0,0.29,incorrect,coffee,0,0.15,incorrect,adam,0,0.0,incorrect,africa,0,0.15,incorrect,tahiti,0,0.31,incorrect,tahiti,0,0.31,incorrect,victor,0,0.46,incorrect,victory,0,0.43,incorrect,jesus,0,0.17,incorrect,madagascar,0,0.12,incorrect,starbucks,0,0.25,incorrect,coffee,0,0.15,incorrect,africa,0,0.15,incorrect,tahiti,0,0.31,incorrect,victory,0,0.43,incorrect,madagascar,0,0.12,incorrect,winston,1,1.0,correct,victory,0,0.43,incorrect,zendegi,0,0.14,incorrect,bosphorus,0,0.25,incorrect,nguyen,0,0.31,incorrect,dong,0,0.36,incorrect,ellas,0,0.17,incorrect,victoria,0,0.4,incorrect,victory,0,0.43,incorrect,bosphorus,0,0.25,incorrect,dong,0,0.36,incorrect,victoria,0,0.4,incorrect
['winston'],houston,0,0.57,incorrect,elon musk,0,0.25,incorrect,george orwell,0,0.1,incorrect,steamer,0,0.29,incorrect,newton,0,0.62,incorrect,newton,0,0.62,incorrect,robert louis stevenson,0,0.34,incorrect,london,0,0.46,incorrect,prohl,0,0.17,incorrect,steamer,0,0.29,incorrect,steamer,0,0.29,incorrect,marina,0,0.31,incorrect,elon musk,0,0.25,incorrect,steamer,0,0.29,incorrect,newton,0,0.62,incorrect,london,0,0.46,incorrect,steamer,0,0.29,incorrect,marina,0,0.31,incorrect,winston,1,1.0,correct,winston,1,1.0,correct,gemi,0,0.18,incorrect,einstein,0,0.67,incorrect,nguoi dan ong,0,0.4,incorrect,tran hung dao,0,0.2,incorrect,winston,1,1.0,correct,hiroshima,0,0.25,incorrect,winston,1,1.0,correct,einstein,0,0.67,incorrect,tran hung dao,0,0.2,incorrect,hiroshima,0,0.25,incorrect
['winston'],charlie,0,0.14,incorrect,walmart,0,0.29,incorrect,winston smith,0,0.7,correct,marx,0,0.0,incorrect,jesus,0,0.17,incorrect,jesus,0,0.17,incorrect,jesus,0,0.17,incorrect,tahiti,0,0.31,incorrect,"none of the above, the passage does not contain a clear proper name to fill the [mask] token, however a guess could be the narrator or protagonist of the story, but since the passage is in a language other than english and does not provide a clear name, a possible translation could be ""i"" or ""he"" or ""the protagonist"", but in english, it could be ""the boy"" or ""the man"" based on context, so a very uncertain guess could",0,0.03,incorrect,shakespeare,0,0.11,incorrect,marcel proust,0,0.2,incorrect,china,0,0.33,incorrect,walmart,0,0.29,incorrect,marx,0,0.0,incorrect,jesus,0,0.17,incorrect,tahiti,0,0.31,incorrect,shakespeare,0,0.11,incorrect,china,0,0.33,incorrect,winston,1,1.0,correct,orwell,0,0.15,incorrect,orhan kemal,0,0.22,incorrect,galata,0,0.15,incorrect,anh,0,0.2,incorrect,ha noi,0,0.31,incorrect,winston,1,1.0,correct,shakespeare,0,0.11,incorrect,orwell,0,0.15,incorrect,galata,0,0.15,incorrect,ha noi,0,0.31,incorrect,shakespeare,0,0.11,incorrect
"['winston—', 'winston']",charles dickens,0,0.27,incorrect,london,0,0.46,incorrect,charles dickens,0,0.27,incorrect,shakespeare,0,0.11,incorrect,nelson mandela,0,0.38,incorrect,jesus,0,0.17,incorrect,charles darwin,0,0.29,incorrect,london,0,0.46,incorrect,charles dickens,0,0.27,incorrect,marx,0,0.0,incorrect,karoliny,0,0.27,incorrect,marx,0,0.0,incorrect,london,0,0.46,incorrect,shakespeare,0,0.11,incorrect,jesus,0,0.17,incorrect,london,0,0.46,incorrect,marx,0,0.0,incorrect,marx,0,0.0,incorrect,winston,1,1.0,correct,marx,0,0.0,incorrect,george orwell,0,0.1,incorrect,charles dickens,0,0.27,incorrect,chau,0,0.0,incorrect,nguyen dinh chieu,0,0.17,incorrect,winston,1,1.0,correct,marx,0,0.0,incorrect,marx,0,0.0,incorrect,charles dickens,0,0.27,incorrect,nguyen dinh chieu,0,0.17,incorrect,marx,0,0.0,incorrect
['winston'],marx,0,0.0,incorrect,canada,0,0.15,incorrect,frederick douglass,0,0.16,incorrect,canada,0,0.15,incorrect,moses,0,0.17,incorrect,moses,0,0.17,incorrect,queen elizabeth,0,0.18,incorrect,canada,0,0.15,incorrect,marx,0,0.0,incorrect,canada,0,0.15,incorrect,marx,0,0.0,incorrect,canada,0,0.15,incorrect,canada,0,0.15,incorrect,canada,0,0.15,incorrect,moses,0,0.17,incorrect,canada,0,0.15,incorrect,canada,0,0.15,incorrect,canada,0,0.15,incorrect,george orwell,0,0.1,incorrect,marx,0,0.0,incorrect,nazim hikmet,0,0.21,incorrect,marx,0,0.0,incorrect,nguyen ai quoc,0,0.19,incorrect,nguyen ai quoc,0,0.19,incorrect,jesus,0,0.17,incorrect,canaan,0,0.31,incorrect,marx,0,0.0,incorrect,marx,0,0.0,incorrect,nguyen ai quoc,0,0.19,incorrect,canaan,0,0.31,incorrect
['winston'],winston smith,0,0.7,correct,china,0,0.33,incorrect,albert camus,0,0.11,incorrect,oduduwa,0,0.14,incorrect,albert einstein,0,0.45,incorrect,noah,0,0.36,incorrect,robinson crusoe,0,0.45,incorrect,tahiti,0,0.31,incorrect,marx,0,0.0,incorrect,albert einstein,0,0.45,incorrect,aleksandr solzhenitsyn,0,0.28,incorrect,charles darwin,0,0.29,incorrect,china,0,0.33,incorrect,oduduwa,0,0.14,incorrect,noah,0,0.36,incorrect,tahiti,0,0.31,incorrect,albert einstein,0,0.45,incorrect,charles darwin,0,0.29,incorrect,winston,1,1.0,correct,marx,0,0.0,incorrect,orwell,0,0.15,incorrect,marx,0,0.0,incorrect,khong co ten cu the,0,0.23,incorrect,ho chi minh,0,0.22,incorrect,el narrador,0,0.22,incorrect,marx,0,0.0,incorrect,marx,0,0.0,incorrect,marx,0,0.0,incorrect,ho chi minh,0,0.22,incorrect,marx,0,0.0,incorrect
['winston'],ha,0,0.0,incorrect,victoria,0,0.4,incorrect,oliver twist,0,0.42,incorrect,china,0,0.33,incorrect,smith,0,0.33,incorrect,albert,0,0.15,incorrect,robinson crusoe,0,0.45,incorrect,tahiti,0,0.31,incorrect,kono vykti,0,0.24,incorrect,tiffany,0,0.29,incorrect,varavarankely,0,0.1,incorrect,teo,0,0.4,incorrect,victoria,0,0.4,incorrect,china,0,0.33,incorrect,albert,0,0.15,incorrect,tahiti,0,0.31,incorrect,tiffany,0,0.29,incorrect,teo,0,0.4,incorrect,orwell,0,0.15,incorrect,curiosity,0,0.38,incorrect,maupassant,0,0.24,incorrect,vitrine,0,0.43,incorrect,nguyen huy,0,0.24,incorrect,van,0,0.2,incorrect,el,0,0.0,incorrect,tienda de curiosidades o una tienda de antiguedades como la de un conocido personaje llamado,0,0.12,incorrect,curiosity,0,0.38,incorrect,vitrine,0,0.43,incorrect,van,0,0.2,incorrect,tienda de curiosidades o una tienda de antiguedades como la de un conocido personaje llamado,0,0.12,incorrect
['winston'],monnamoholo,0,0.22,incorrect,jesus,0,0.17,incorrect,bill gates,0,0.24,incorrect,yoruba,0,0.15,incorrect,monnamogolo,0,0.22,incorrect,god,0,0.2,incorrect,tahiti,0,0.31,incorrect,tahiti,0,0.31,incorrect,buuddh' aadmii,0,0.1,incorrect,bill clinton,0,0.53,incorrect,jack london,0,0.33,incorrect,madagascar,0,0.12,incorrect,jesus,0,0.17,incorrect,yoruba,0,0.15,incorrect,god,0,0.2,incorrect,tahiti,0,0.31,incorrect,bill clinton,0,0.53,incorrect,madagascar,0,0.12,incorrect,winston,1,1.0,correct,orwell,0,0.15,incorrect,winston,1,1.0,correct,abd,0,0.0,incorrect,nguyen ai quoc,0,0.19,incorrect,hoa,0,0.2,incorrect,winston,1,1.0,correct,christie,0,0.4,incorrect,orwell,0,0.15,incorrect,abd,0,0.0,incorrect,hoa,0,0.2,incorrect,christie,0,0.4,incorrect
['winston'],shakespeare,0,0.11,incorrect,grandfather,0,0.22,incorrect,amazon,0,0.31,incorrect,oduduwa,0,0.14,incorrect,winston churchill,0,0.58,incorrect,facebook,0,0.13,incorrect,tahiti,0,0.31,incorrect,tahiti,0,0.31,incorrect,charles dickens,0,0.27,incorrect,shakespeare,0,0.11,incorrect,madagascar,0,0.12,incorrect,madagascar,0,0.12,incorrect,grandfather,0,0.22,incorrect,oduduwa,0,0.14,incorrect,facebook,0,0.13,incorrect,tahiti,0,0.31,incorrect,shakespeare,0,0.11,incorrect,madagascar,0,0.12,incorrect,he,0,0.0,incorrect,london,0,0.46,incorrect,kim,0,0.2,incorrect,saat,0,0.36,incorrect,ong,0,0.4,incorrect,nguyen,0,0.31,incorrect,ellas,0,0.17,incorrect,reloj,0,0.17,incorrect,london,0,0.46,incorrect,saat,0,0.36,incorrect,nguyen,0,0.31,incorrect,reloj,0,0.17,incorrect
"[""winston'ın"", 'winston’s', 'winston']",jesu,0,0.18,incorrect,jesus,0,0.29,incorrect,orunmila,0,0.33,incorrect,orunmila,0,0.33,incorrect,jesus,0,0.29,incorrect,god,0,0.2,incorrect,jesus,0,0.29,incorrect,elijah,0,0.15,incorrect,jesus,0,0.29,incorrect,ramayana,0,0.13,incorrect,andriamanitra,0,0.3,incorrect,adama,0,0.0,incorrect,jesus,0,0.29,incorrect,orunmila,0,0.33,incorrect,god,0,0.2,incorrect,elijah,0,0.15,incorrect,ramayana,0,0.13,incorrect,adama,0,0.0,incorrect,his,0,0.4,incorrect,god,0,0.2,incorrect,omer,0,0.18,incorrect,insan,0,0.67,incorrect,anh,0,0.2,incorrect,jesus,0,0.29,incorrect,el,0,0.0,incorrect,jesus,0,0.29,incorrect,god,0,0.2,incorrect,insan,0,0.67,incorrect,jesus,0,0.29,incorrect,jesus,0,0.29,incorrect
"[""winston'a"", 'winston', 'winston.']",disney,0,0.46,incorrect,god,0,0.2,incorrect,abraham lincoln,0,0.36,incorrect,moremi,0,0.15,incorrect,jesus,0,0.17,incorrect,god,0,0.2,incorrect,tahiti,0,0.31,incorrect,eve,0,0.0,incorrect,gbriel mrkddo,0,0.2,incorrect,lord krishna,0,0.38,incorrect,marie curie,0,0.11,incorrect,andriamahilala,0,0.17,incorrect,god,0,0.2,incorrect,moremi,0,0.15,incorrect,god,0,0.2,incorrect,eve,0,0.0,incorrect,lord krishna,0,0.38,incorrect,andriamahilala,0,0.17,incorrect,big brother,0,0.22,incorrect,eve,0,0.0,incorrect,winston,1,1.0,correct,churchill,0,0.12,incorrect,anh,0,0.2,incorrect,thuy,0,0.18,incorrect,el,0,0.0,incorrect,eva,0,0.17,incorrect,eve,0,0.0,incorrect,churchill,0,0.12,incorrect,thuy,0,0.18,incorrect,eva,0,0.17,incorrect
['winston'],sheba,0,0.17,incorrect,jesus,0,0.17,incorrect,oliver twist,0,0.42,incorrect,london,0,0.46,incorrect,alice,0,0.17,incorrect,london,0,0.46,incorrect,london,0,0.46,incorrect,london,0,0.46,incorrect,ldd'kii,0,0.14,incorrect,shirley jackson,0,0.36,incorrect,london,0,0.46,incorrect,london,0,0.46,incorrect,jesus,0,0.17,incorrect,london,0,0.46,incorrect,london,0,0.46,incorrect,london,0,0.46,incorrect,shirley jackson,0,0.36,incorrect,london,0,0.46,incorrect,he,0,0.0,incorrect,london,0,0.46,incorrect,orman,0,0.33,incorrect,alice,0,0.17,incorrect,anh,0,0.2,incorrect,ha noi,0,0.31,incorrect,el,0,0.0,incorrect,londres,0,0.29,incorrect,london,0,0.46,incorrect,alice,0,0.17,incorrect,ha noi,0,0.31,incorrect,londres,0,0.29,incorrect
['winston'],emily,0,0.17,incorrect,moons,0,0.33,incorrect,god,0,0.2,incorrect,hazel,0,0.0,incorrect,sebone,0,0.46,incorrect,hazel,0,0.0,incorrect,tahiti,0,0.31,incorrect,tahiti,0,0.31,incorrect,elm,0,0.0,incorrect,india,0,0.33,incorrect,madagascar,0,0.12,incorrect,andriamahilitsy,0,0.18,incorrect,moons,0,0.33,incorrect,hazel,0,0.0,incorrect,hazel,0,0.0,incorrect,tahiti,0,0.31,incorrect,india,0,0.33,incorrect,andriamahilitsy,0,0.18,incorrect,he,0,0.0,incorrect,england,0,0.29,incorrect,cali,0,0.18,incorrect,cay,0,0.0,incorrect,nguyen cong hoan,0,0.26,incorrect,ha noi,0,0.31,incorrect,alguien,0,0.29,incorrect,maria,0,0.17,incorrect,england,0,0.29,incorrect,cay,0,0.0,incorrect,ha noi,0,0.31,incorrect,maria,0,0.17,incorrect
"['julia', 'julia—']",jesus,0,0.4,incorrect,china,0,0.4,incorrect,oliver twist,0,0.24,incorrect,god,0,0.0,incorrect,mom,0,0.0,incorrect,god,0,0.0,incorrect,jesus,0,0.4,incorrect,tahiti,0,0.18,incorrect,who,0,0.0,incorrect,google,0,0.18,incorrect,andriamahilani,0,0.21,incorrect,andriamanitra,0,0.22,incorrect,china,0,0.4,incorrect,god,0,0.0,incorrect,god,0,0.0,incorrect,tahiti,0,0.18,incorrect,google,0,0.18,incorrect,andriamanitra,0,0.22,incorrect,harry,0,0.2,incorrect,god,0,0.0,incorrect,harry,0,0.2,incorrect,turkiye,0,0.33,incorrect,anh,0,0.25,incorrect,duc phuc,0,0.15,incorrect,maria,0,0.4,incorrect,pablo iglesias,0,0.32,incorrect,god,0,0.0,incorrect,turkiye,0,0.33,incorrect,duc phuc,0,0.15,incorrect,pablo iglesias,0,0.32,incorrect
"['katharine', 'katherine', ""katharine'in""]",eskimo,0,0.27,incorrect,jesus,0,0.14,incorrect,jesus,0,0.14,incorrect,jesus,0,0.14,incorrect,god,0,0.0,incorrect,god,0,0.0,incorrect,tahiti,0,0.44,incorrect,tahiti,0,0.44,incorrect,god,0,0.0,incorrect,god,0,0.0,incorrect,jesus,0,0.14,incorrect,andriamanitra,0,0.4,incorrect,jesus,0,0.14,incorrect,jesus,0,0.14,incorrect,god,0,0.0,incorrect,tahiti,0,0.44,incorrect,god,0,0.0,incorrect,andriamanitra,0,0.4,incorrect,his wife,0,0.35,incorrect,eve,0,0.33,incorrect,pazar,0,0.43,incorrect,tanri,0,0.57,incorrect,anh,0,0.33,incorrect,dong,0,0.15,incorrect,su esposa,0,0.11,incorrect,jesus,0,0.14,incorrect,eve,0,0.33,incorrect,tanri,0,0.57,incorrect,dong,0,0.15,incorrect,jesus,0,0.14,incorrect
"['here’s', 'julia']",google,0,0.18,incorrect,jesus,0,0.4,incorrect,egypt,0,0.18,incorrect,jesus,0,0.4,incorrect,google,0,0.18,incorrect,google,0,0.18,incorrect,tahiti,0,0.18,incorrect,ua,0,0.57,incorrect,venice,0,0.33,incorrect,disney,0,0.18,incorrect,google,0,0.18,incorrect,madagascar,0,0.13,incorrect,jesus,0,0.4,incorrect,jesus,0,0.4,incorrect,google,0,0.18,incorrect,ua,0,0.57,incorrect,disney,0,0.18,incorrect,madagascar,0,0.13,incorrect,harry,0,0.36,incorrect,london,0,0.18,incorrect,ressam,0,0.5,incorrect,fare,0,0.4,incorrect,co,0,0.0,incorrect,di,0,0.29,incorrect,ella,0,0.44,incorrect,miguel de cervantes,0,0.32,incorrect,london,0,0.18,incorrect,fare,0,0.4,incorrect,di,0,0.29,incorrect,miguel de cervantes,0,0.32,incorrect
"['julia', 'julia—']",jesus,0,0.4,incorrect,google,0,0.18,incorrect,oliver twist,0,0.24,incorrect,yoruba,0,0.36,incorrect,paul,0,0.44,incorrect,god,0,0.0,incorrect,god,0,0.0,incorrect,tahiti,0,0.18,incorrect,ram,0,0.25,incorrect,ram,0,0.25,incorrect,alexandre dumas,0,0.2,incorrect,ny times,0,0.15,incorrect,google,0,0.18,incorrect,yoruba,0,0.36,incorrect,god,0,0.0,incorrect,tahiti,0,0.18,incorrect,ram,0,0.25,incorrect,ny times,0,0.15,incorrect,sherlock holmes,0,0.1,incorrect,god,0,0.0,incorrect,sherlock holmes,0,0.1,incorrect,tanri,0,0.2,incorrect,nguoi dan ong,0,0.33,incorrect,nguyen,0,0.18,incorrect,alicia,0,0.55,incorrect,juan,0,0.67,incorrect,god,0,0.0,incorrect,tanri,0,0.2,incorrect,nguyen,0,0.18,incorrect,juan,0,0.67,incorrect
"['o’brien', ""o'brien"", ""o'brien—""]",jesus,0,0.17,incorrect,jesus,0,0.17,incorrect,oliver,0,0.46,incorrect,jesus,0,0.17,incorrect,god,0,0.2,incorrect,god,0,0.2,incorrect,tahiti,0,0.15,incorrect,tahiti,0,0.15,incorrect,shakespeare,0,0.22,incorrect,einstein,0,0.4,incorrect,voltaire,0,0.4,incorrect,andriamanitra,0,0.3,incorrect,jesus,0,0.17,incorrect,jesus,0,0.17,incorrect,god,0,0.2,incorrect,tahiti,0,0.15,incorrect,einstein,0,0.4,incorrect,andriamanitra,0,0.3,incorrect,austen,0,0.31,incorrect,albert einstein,0,0.45,incorrect,arkadasim,0,0.25,incorrect,turkiye,0,0.43,incorrect,nguyen,0,0.31,incorrect,nguyen,0,0.31,incorrect,alguien,0,0.43,incorrect,shakespeare,0,0.22,incorrect,albert einstein,0,0.45,incorrect,turkiye,0,0.43,incorrect,nguyen,0,0.31,incorrect,shakespeare,0,0.22,incorrect
"['o’brien', ""o'brien""]",albert einstein,0,0.45,incorrect,google,0,0.31,incorrect,albert einstein,0,0.45,incorrect,odin,0,0.55,incorrect,jesus,0,0.17,incorrect,google,0,0.31,incorrect,france,0,0.31,incorrect,tahiti,0,0.15,incorrect,newton,0,0.31,incorrect,india,0,0.33,incorrect,minister,0,0.27,incorrect,madagascar,0,0.12,incorrect,google,0,0.31,incorrect,odin,0,0.55,incorrect,google,0,0.31,incorrect,tahiti,0,0.15,incorrect,india,0,0.33,incorrect,madagascar,0,0.12,incorrect,winston,0,0.29,incorrect,winston,0,0.29,incorrect,adam,0,0.0,incorrect,mustafa,0,0.0,incorrect,nguyen,0,0.31,incorrect,nguyen,0,0.31,incorrect,ministro,0,0.27,incorrect,einstein,0,0.4,incorrect,winston,0,0.29,incorrect,mustafa,0,0.0,incorrect,nguyen,0,0.31,incorrect,einstein,0,0.4,incorrect
"['o’brien', ""o'brien""]",he,0,0.22,incorrect,jesus,0,0.17,incorrect,jesu,0,0.18,incorrect,jesus,0,0.17,incorrect,noah,0,0.18,incorrect,botswana,0,0.27,incorrect,jesus,0,0.17,incorrect,tahiti,0,0.15,incorrect,he,0,0.22,incorrect,marx,0,0.18,incorrect,god,0,0.2,incorrect,andriamahilala,0,0.19,incorrect,jesus,0,0.17,incorrect,jesus,0,0.17,incorrect,botswana,0,0.27,incorrect,tahiti,0,0.15,incorrect,marx,0,0.18,incorrect,andriamahilala,0,0.19,incorrect,he,0,0.22,incorrect,cartier,0,0.43,incorrect,omer,0,0.36,incorrect,ust,0,0.0,incorrect,nguyen,0,0.31,incorrect,thuoc la,0,0.13,incorrect,el,0,0.22,incorrect,cartier,0,0.43,incorrect,cartier,0,0.43,incorrect,ust,0,0.0,incorrect,thuoc la,0,0.13,incorrect,cartier,0,0.43,incorrect
"['đệ', 'goldstein', 'huynh đệ', 'huynh']",george orwell,0,0.27,incorrect,google,0,0.53,incorrect,george orwell,0,0.27,incorrect,brotherhood,0,0.32,incorrect,mapodise,0,0.47,incorrect,jesus,0,0.29,incorrect,jesus,0,0.29,incorrect,jesus,0,0.29,incorrect,brotherhood,0,0.32,incorrect,freemasonry,0,0.2,incorrect,george orwell,0,0.27,incorrect,madagascar,0,0.21,incorrect,google,0,0.53,incorrect,brotherhood,0,0.32,incorrect,jesus,0,0.29,incorrect,jesus,0,0.29,incorrect,freemasonry,0,0.2,incorrect,madagascar,0,0.21,incorrect,big brother,0,0.4,incorrect,brotherhood,0,0.32,incorrect,george orwell,0,0.27,incorrect,orgut,0,0.29,incorrect,nha nuoc,0,0.38,incorrect,goldstein,1,1.0,correct,winston,0,0.38,incorrect,hermandad,0,0.35,incorrect,brotherhood,0,0.32,incorrect,orgut,0,0.29,incorrect,goldstein,1,1.0,correct,hermandad,0,0.35,incorrect
"['o’brien', ""o'brien""]",god,0,0.2,incorrect,disney,0,0.31,incorrect,odin,0,0.55,incorrect,atejise,0,0.29,incorrect,god,0,0.2,incorrect,god,0,0.2,incorrect,tahiti,0,0.15,incorrect,tahiti,0,0.15,incorrect,ram,0,0.2,incorrect,shakespeare,0,0.22,incorrect,jesus,0,0.17,incorrect,andriamanitra,0,0.3,incorrect,disney,0,0.31,incorrect,atejise,0,0.29,incorrect,god,0,0.2,incorrect,tahiti,0,0.15,incorrect,shakespeare,0,0.22,incorrect,andriamanitra,0,0.3,incorrect,marlow,0,0.15,incorrect,god,0,0.2,incorrect,gandalf,0,0.14,incorrect,tanri,0,0.33,incorrect,khong co thong tin,0,0.24,incorrect,nguyen du,0,0.25,incorrect,jesus,0,0.17,incorrect,jesus,0,0.17,incorrect,god,0,0.2,incorrect,tanri,0,0.33,incorrect,nguyen du,0,0.25,incorrect,jesus,0,0.17,incorrect
['winston'],winston,1,1.0,correct,leonardo da vinci,0,0.25,incorrect,winston,1,1.0,correct,europe,0,0.15,incorrect,lea,0,0.0,incorrect,google,0,0.15,incorrect,europa,0,0.15,incorrect,tahiti,0,0.31,incorrect,winston,1,1.0,correct,freud,0,0.0,incorrect,winston,1,1.0,correct,madagascar,0,0.12,incorrect,leonardo da vinci,0,0.25,incorrect,europe,0,0.15,incorrect,google,0,0.15,incorrect,tahiti,0,0.31,incorrect,freud,0,0.0,incorrect,madagascar,0,0.12,incorrect,winston,1,1.0,correct,winston,1,1.0,correct,bakan,0,0.17,incorrect,richard,0,0.14,incorrect,winston,1,1.0,correct,eurasia,0,0.14,incorrect,winston,1,1.0,correct,ministerio de truth,0,0.38,incorrect,winston,1,1.0,correct,richard,0,0.14,incorrect,eurasia,0,0.14,incorrect,ministerio de truth,0,0.38,incorrect
['julia'],mcdonald's,0,0.13,incorrect,jesus,0,0.4,incorrect,moses,0,0.0,incorrect,orin,0,0.22,incorrect,moses,0,0.0,incorrect,god,0,0.0,incorrect,jesus,0,0.4,incorrect,tahiti,0,0.18,incorrect,india,0,0.4,incorrect,madhushree,0,0.13,incorrect,jesus,0,0.4,incorrect,madagascar,0,0.13,incorrect,jesus,0,0.4,incorrect,orin,0,0.22,incorrect,god,0,0.0,incorrect,tahiti,0,0.18,incorrect,madhushree,0,0.13,incorrect,madagascar,0,0.13,incorrect,she,0,0.0,incorrect,taylor,0,0.18,incorrect,pinar,0,0.4,incorrect,etik,0,0.22,incorrect,nang,0,0.22,incorrect,trinh,0,0.2,incorrect,gracias,0,0.33,incorrect,hotel california,0,0.29,incorrect,taylor,0,0.18,incorrect,etik,0,0.22,incorrect,trinh,0,0.2,incorrect,hotel california,0,0.29,incorrect
"[""winston'ın"", 'winston']",lentswe,0,0.29,incorrect,morena,0,0.31,incorrect,orunmila,0,0.33,incorrect,orunmila,0,0.33,incorrect,morena,0,0.31,incorrect,jesus,0,0.17,incorrect,tahiti,0,0.38,incorrect,tahiti,0,0.38,incorrect,mombttii,0,0.22,incorrect,god,0,0.2,incorrect,andriamahilatsara,0,0.17,incorrect,madagascar,0,0.12,incorrect,morena,0,0.31,incorrect,orunmila,0,0.33,incorrect,jesus,0,0.17,incorrect,tahiti,0,0.38,incorrect,god,0,0.2,incorrect,madagascar,0,0.12,incorrect,it,0,0.44,incorrect,chopper,0,0.14,incorrect,nasrettin hoca,0,0.42,incorrect,cellat,0,0.15,incorrect,nguyen,0,0.31,incorrect,nguyen du,0,0.25,incorrect,ella,0,0.0,incorrect,jesus,0,0.17,incorrect,chopper,0,0.14,incorrect,cellat,0,0.15,incorrect,nguyen du,0,0.25,incorrect,jesus,0,0.17,incorrect
"['smit', 'smith']",sesotho,0,0.5,incorrect,lebitso,0,0.36,incorrect,oliver,0,0.2,incorrect,thass,0,0.4,incorrect,mom,0,0.29,incorrect,god,0,0.0,incorrect,tahiti,0,0.4,incorrect,tahiti,0,0.4,incorrect,ram,0,0.29,incorrect,ram,0,0.29,incorrect,andriana,0,0.17,incorrect,andriana,0,0.17,incorrect,lebitso,0,0.36,incorrect,thass,0,0.4,incorrect,god,0,0.0,incorrect,tahiti,0,0.4,incorrect,ram,0,0.29,incorrect,andriana,0,0.17,incorrect,elizabeth,0,0.43,incorrect,what,0,0.25,incorrect,resim,0,0.44,incorrect,orhan veli,0,0.14,incorrect,nguyen,0,0.0,incorrect,nguyen,0,0.0,incorrect,maria,0,0.44,incorrect,maria,0,0.44,incorrect,what,0,0.25,incorrect,orhan veli,0,0.14,incorrect,nguyen,0,0.0,incorrect,maria,0,0.44,incorrect
['parsons'],jesus,0,0.33,incorrect,jesus,0,0.33,incorrect,oliver twist,0,0.21,incorrect,orunmila,0,0.27,incorrect,god,0,0.2,incorrect,god,0,0.2,incorrect,jesus,0,0.33,incorrect,tahiti,0,0.15,incorrect,winston,0,0.43,incorrect,lord rama,0,0.12,incorrect,winston,0,0.43,incorrect,winston,0,0.43,incorrect,jesus,0,0.33,incorrect,orunmila,0,0.27,incorrect,god,0,0.2,incorrect,tahiti,0,0.15,incorrect,lord rama,0,0.12,incorrect,winston,0,0.43,incorrect,winston,0,0.43,incorrect,winston,0,0.43,incorrect,galileo,0,0.29,incorrect,pinokyo,0,0.29,incorrect,khong co thong tin,0,0.16,incorrect,dang,0,0.36,incorrect,winston,0,0.43,incorrect,freud,0,0.17,incorrect,winston,0,0.43,incorrect,pinokyo,0,0.29,incorrect,dang,0,0.36,incorrect,freud,0,0.17,incorrect
['parsons'],god,0,0.2,incorrect,jesus,0,0.33,incorrect,god,0,0.2,incorrect,olodumare,0,0.25,incorrect,god,0,0.2,incorrect,god,0,0.2,incorrect,god,0,0.2,incorrect,tahiti,0,0.15,incorrect,maataa-pitaa,0,0.21,incorrect,ramayana,0,0.27,incorrect,god,0,0.2,incorrect,andriamanitra,0,0.3,incorrect,jesus,0,0.33,incorrect,olodumare,0,0.25,incorrect,god,0,0.2,incorrect,tahiti,0,0.15,incorrect,ramayana,0,0.27,incorrect,andriamanitra,0,0.3,incorrect,winston,0,0.43,incorrect,god,0,0.2,incorrect,babasi,0,0.31,incorrect,babasini,0,0.4,incorrect,bac ho,0,0.31,incorrect,ngoc,0,0.18,incorrect,el padre,0,0.4,incorrect,jesus,0,0.33,incorrect,god,0,0.2,incorrect,babasini,0,0.4,incorrect,ngoc,0,0.18,incorrect,jesus,0,0.33,incorrect
"['winston', ""winston'i""]",frankenstein,0,0.42,incorrect,jesus,0,0.17,incorrect,leonardo da vinci,0,0.31,incorrect,odin,0,0.36,incorrect,medusa,0,0.15,incorrect,god,0,0.2,incorrect,tahiti,0,0.4,incorrect,tahiti,0,0.4,incorrect,raskolnikov,0,0.4,incorrect,newton,0,0.62,incorrect,internet,0,0.53,incorrect,andriamahilani,0,0.26,incorrect,jesus,0,0.17,incorrect,odin,0,0.36,incorrect,god,0,0.2,incorrect,tahiti,0,0.4,incorrect,newton,0,0.62,incorrect,andriamahilani,0,0.26,incorrect,me,0,0.0,incorrect,face,0,0.0,incorrect,cehov,0,0.17,incorrect,frankenstein,0,0.42,incorrect,nguyen,0,0.31,incorrect,nguyen,0,0.31,incorrect,el narrador,0,0.22,incorrect,dracula,0,0.0,incorrect,face,0,0.0,incorrect,frankenstein,0,0.42,incorrect,nguyen,0,0.31,incorrect,dracula,0,0.0,incorrect
"['o’brien', ""o'brien""]",jesus,0,0.17,incorrect,god,0,0.2,incorrect,oliver twist,0,0.32,incorrect,jerusalem,0,0.25,incorrect,police,0,0.46,incorrect,god,0,0.2,incorrect,jesus,0,0.17,incorrect,london,0,0.31,incorrect,ram,0,0.2,incorrect,shakespeare,0,0.22,incorrect,god,0,0.2,incorrect,niala,0,0.17,incorrect,god,0,0.2,incorrect,jerusalem,0,0.25,incorrect,god,0,0.2,incorrect,london,0,0.31,incorrect,shakespeare,0,0.22,incorrect,niala,0,0.17,incorrect,marlowe,0,0.29,incorrect,police officer,0,0.29,incorrect,birisi,0,0.46,incorrect,adam,0,0.0,incorrect,nguoi dan ong,0,0.3,incorrect,tran hung dao,0,0.2,incorrect,el,0,0.22,incorrect,shakespeare,0,0.22,incorrect,police officer,0,0.29,incorrect,adam,0,0.0,incorrect,tran hung dao,0,0.2,incorrect,shakespeare,0,0.22,incorrect
"['o’brien', ""o'brien"", ""o'brien—""]",jesus,0,0.17,incorrect,jesus,0,0.17,incorrect,god,0,0.2,incorrect,olodumare,0,0.38,incorrect,god,0,0.2,incorrect,god,0,0.2,incorrect,jesus,0,0.17,incorrect,jesus,0,0.17,incorrect,god,0,0.2,incorrect,maithili,0,0.13,incorrect,god,0,0.2,incorrect,andriamanitra,0,0.3,incorrect,jesus,0,0.17,incorrect,olodumare,0,0.38,incorrect,god,0,0.2,incorrect,jesus,0,0.17,incorrect,maithili,0,0.13,incorrect,andriamanitra,0,0.3,incorrect,o'brien,1,1.0,correct,god,0,0.2,incorrect,odin,0,0.55,incorrect,turkiye,0,0.43,incorrect,khong co thong tin,0,0.24,incorrect,duc,0,0.0,incorrect,o'brien,1,1.0,correct,jesus,0,0.17,incorrect,god,0,0.2,incorrect,turkiye,0,0.43,incorrect,duc,0,0.0,incorrect,jesus,0,0.17,incorrect
"['o’brien', ""o'brien""]",jesus,0,0.17,incorrect,jesus,0,0.17,incorrect,jesus,0,0.17,incorrect,jesus,0,0.17,incorrect,noah,0,0.18,incorrect,jesus,0,0.17,incorrect,tahiti,0,0.15,incorrect,tahiti,0,0.15,incorrect,lord krishna,0,0.42,incorrect,lord rama,0,0.25,incorrect,nigeria,0,0.29,incorrect,andriamanitra,0,0.3,incorrect,jesus,0,0.17,incorrect,jesus,0,0.17,incorrect,jesus,0,0.17,incorrect,tahiti,0,0.15,incorrect,lord rama,0,0.25,incorrect,andriamanitra,0,0.3,incorrect,god,0,0.2,incorrect,einstein,0,0.4,incorrect,ogretmen,0,0.53,incorrect,gozetleme,0,0.25,incorrect,nguoi,0,0.33,incorrect,duc,0,0.0,incorrect,jesus,0,0.17,incorrect,jesus,0,0.17,incorrect,einstein,0,0.4,incorrect,gozetleme,0,0.25,incorrect,duc,0,0.0,incorrect,jesus,0,0.17,incorrect
['winston'],stephen king,0,0.32,incorrect,jesus,0,0.17,incorrect,olodumare,0,0.12,incorrect,orunmila,0,0.27,incorrect,god,0,0.2,incorrect,god,0,0.2,incorrect,adam,0,0.0,incorrect,tahiti,0,0.31,incorrect,not enough information to determine a specific name,0,0.17,incorrect,ram,0,0.0,incorrect,aristotle,0,0.5,incorrect,andriamanitra,0,0.3,incorrect,jesus,0,0.17,incorrect,orunmila,0,0.27,incorrect,god,0,0.2,incorrect,tahiti,0,0.31,incorrect,ram,0,0.0,incorrect,andriamanitra,0,0.3,incorrect,winston,1,1.0,correct,achilles,0,0.27,incorrect,ibre,0,0.18,incorrect,ibre,0,0.18,incorrect,anh,0,0.2,incorrect,than,0,0.36,incorrect,jorge luis borges,0,0.25,incorrect,ariadna,0,0.29,incorrect,achilles,0,0.27,incorrect,ibre,0,0.18,incorrect,than,0,0.36,incorrect,ariadna,0,0.29,incorrect
['winston'],jesus,0,0.17,incorrect,moshoeshoe,0,0.24,incorrect,edgar allan poe,0,0.18,incorrect,odin,0,0.36,incorrect,god,0,0.2,incorrect,jesus,0,0.17,incorrect,jesus,0,0.17,incorrect,eve,0,0.0,incorrect,marie curie,0,0.11,incorrect,einstein,0,0.67,incorrect,job,0,0.2,incorrect,andriamanitra,0,0.3,incorrect,moshoeshoe,0,0.24,incorrect,odin,0,0.36,incorrect,jesus,0,0.17,incorrect,eve,0,0.0,incorrect,einstein,0,0.67,incorrect,andriamanitra,0,0.3,incorrect,orwell,0,0.15,incorrect,god,0,0.2,incorrect,o,0,0.25,incorrect,isa,0,0.4,incorrect,anh,0,0.2,incorrect,nguyen,0,0.31,incorrect,el,0,0.0,incorrect,jesus,0,0.17,incorrect,god,0,0.2,incorrect,isa,0,0.4,incorrect,nguyen,0,0.31,incorrect,jesus,0,0.17,incorrect
"[""'brien"", ""o 'brien"", 'o’brien', 'o', ""o'brien'ın"", 'winston']",moabi,0,0.5,incorrect,jesus,0,0.18,incorrect,odin,0,0.55,incorrect,olodumare,0,0.38,incorrect,jesus,0,0.18,incorrect,god,0,0.5,incorrect,jesus,0,0.18,incorrect,god,0,0.5,incorrect,descartes,0,0.27,incorrect,descartes,0,0.27,incorrect,descartes,0,0.27,incorrect,andriamanitra,0,0.35,incorrect,jesus,0,0.18,incorrect,olodumare,0,0.38,incorrect,god,0,0.5,incorrect,god,0,0.5,incorrect,descartes,0,0.27,incorrect,andriamanitra,0,0.35,incorrect,descartes,0,0.27,incorrect,aristotle,0,0.5,incorrect,descartes,0,0.27,incorrect,platon,0,0.46,incorrect,descartes,0,0.27,incorrect,dat,0,0.2,incorrect,alguien,0,0.46,incorrect,dios,0,0.4,incorrect,aristotle,0,0.5,incorrect,platon,0,0.46,incorrect,dat,0,0.2,incorrect,dios,0,0.4,incorrect
"['o’brien', ""o'brien"", ""o'brien—""]",jesus,0,0.17,incorrect,jesus,0,0.17,incorrect,jesus,0,0.17,incorrect,youtube,0,0.43,incorrect,william shakespeare,0,0.15,incorrect,school,0,0.15,incorrect,jesus,0,0.17,incorrect,tahiti,0,0.15,incorrect,lord krishna,0,0.42,incorrect,lord krishna,0,0.42,incorrect,andriamanitra,0,0.3,incorrect,salomona,0,0.27,incorrect,jesus,0,0.17,incorrect,youtube,0,0.43,incorrect,school,0,0.15,incorrect,tahiti,0,0.15,incorrect,lord krishna,0,0.42,incorrect,salomona,0,0.27,incorrect,doctor,0,0.31,incorrect,stages,0,0.15,incorrect,ogretmen,0,0.53,incorrect,ucuncu,0,0.15,incorrect,thay,0,0.0,incorrect,duc,0,0.0,incorrect,buda,0,0.18,incorrect,jesus,0,0.17,incorrect,stages,0,0.15,incorrect,ucuncu,0,0.15,incorrect,duc,0,0.0,incorrect,jesus,0,0.17,incorrect
"['o’brien', ""o'brien""]",god,0,0.2,incorrect,leholo,0,0.15,incorrect,god,0,0.2,incorrect,aye,0,0.2,incorrect,earth,0,0.17,incorrect,earth,0,0.17,incorrect,tahiti,0,0.15,incorrect,tahiti,0,0.15,incorrect,galileo galilei,0,0.27,incorrect,sun,0,0.2,incorrect,god,0,0.2,incorrect,andriamanitra,0,0.3,incorrect,leholo,0,0.15,incorrect,aye,0,0.2,incorrect,earth,0,0.17,incorrect,tahiti,0,0.15,incorrect,sun,0,0.2,incorrect,andriamanitra,0,0.3,incorrect,pontius pilate,0,0.29,incorrect,galileo,0,0.29,incorrect,galileo,0,0.29,incorrect,samanyolu,0,0.12,incorrect,ptolemy,0,0.29,incorrect,trai dat,0,0.27,incorrect,galileo,0,0.29,incorrect,galileo,0,0.29,incorrect,galileo,0,0.29,incorrect,samanyolu,0,0.12,incorrect,trai dat,0,0.27,incorrect,galileo,0,0.29,incorrect
"['o’brien', ""o'brien"", ""o'brien—""]",god,0,0.2,incorrect,jesus,0,0.17,incorrect,god,0,0.2,incorrect,jesus,0,0.17,incorrect,god,0,0.2,incorrect,god,0,0.2,incorrect,god,0,0.2,incorrect,tahiti,0,0.15,incorrect,lord shiva,0,0.35,incorrect,shiva,0,0.17,incorrect,god,0,0.2,incorrect,andriamanitra,0,0.3,incorrect,jesus,0,0.17,incorrect,jesus,0,0.17,incorrect,god,0,0.2,incorrect,tahiti,0,0.15,incorrect,shiva,0,0.17,incorrect,andriamanitra,0,0.3,incorrect,zorro,0,0.33,incorrect,adam,0,0.0,incorrect,pinokyo,0,0.29,incorrect,adem,0,0.18,incorrect,duc phat,0,0.0,incorrect,jesus,0,0.17,incorrect,neo,0,0.2,incorrect,jesus,0,0.17,incorrect,adam,0,0.0,incorrect,adem,0,0.18,incorrect,jesus,0,0.17,incorrect,jesus,0,0.17,incorrect
"['o’brien', ""o'brien"", ""o'brien—""]",jesus,0,0.17,incorrect,jesus,0,0.17,incorrect,jesus,0,0.17,incorrect,jesus,0,0.17,incorrect,god,0,0.2,incorrect,god,0,0.2,incorrect,god,0,0.2,incorrect,tahiti,0,0.15,incorrect,lord krishna,0,0.42,incorrect,maithili,0,0.13,incorrect,god,0,0.2,incorrect,andriamanitra,0,0.3,incorrect,jesus,0,0.17,incorrect,jesus,0,0.17,incorrect,god,0,0.2,incorrect,tahiti,0,0.15,incorrect,maithili,0,0.13,incorrect,andriamanitra,0,0.3,incorrect,winston smith or possibly o'brien,0,0.35,incorrect,doctor,0,0.31,incorrect,recep tayyip erdogan,0,0.3,incorrect,inanc,0,0.33,incorrect,nguyen ai quoc,0,0.19,incorrect,nguyen,0,0.31,incorrect,sancho,0,0.15,incorrect,jesus,0,0.17,incorrect,doctor,0,0.31,incorrect,inanc,0,0.33,incorrect,nguyen,0,0.31,incorrect,jesus,0,0.17,incorrect
"['o’brien', ""o'brien""]",jesus,0,0.17,incorrect,jesus,0,0.17,incorrect,odin,0,0.55,incorrect,god,0,0.2,incorrect,god,0,0.2,incorrect,god,0,0.2,incorrect,god,0,0.2,incorrect,tahiti,0,0.15,incorrect,george orwell,0,0.3,incorrect,mickey mouse,0,0.21,incorrect,god,0,0.2,incorrect,andriamahilala,0,0.19,incorrect,jesus,0,0.17,incorrect,god,0,0.2,incorrect,god,0,0.2,incorrect,tahiti,0,0.15,incorrect,mickey mouse,0,0.21,incorrect,andriamahilala,0,0.19,incorrect,winston,0,0.29,incorrect,minos,0,0.33,incorrect,stephen king,0,0.21,incorrect,duvar,0,0.17,incorrect,edgar allan poe,0,0.18,incorrect,hoa,0,0.2,incorrect,lovecraft,0,0.25,incorrect,orwell,0,0.46,incorrect,minos,0,0.33,incorrect,duvar,0,0.17,incorrect,hoa,0,0.2,incorrect,orwell,0,0.46,incorrect
"['o’brien', ""o'brien""]",shakespeare,0,0.22,incorrect,god,0,0.2,incorrect,jesus,0,0.17,incorrect,orunmila,0,0.4,incorrect,god,0,0.2,incorrect,god,0,0.2,incorrect,god,0,0.2,incorrect,tahiti,0,0.15,incorrect,cuuhaa,0,0.0,incorrect,marie curie,0,0.33,incorrect,jesus,0,0.17,incorrect,andriamanitra,0,0.3,incorrect,god,0,0.2,incorrect,orunmila,0,0.4,incorrect,god,0,0.2,incorrect,tahiti,0,0.15,incorrect,marie curie,0,0.33,incorrect,andriamanitra,0,0.3,incorrect,holmes,0,0.31,incorrect,god,0,0.2,incorrect,ham,0,0.0,incorrect,orhan kemal,0,0.33,incorrect,chuot cong,0,0.24,incorrect,chuot,0,0.17,incorrect,edgar allan poe,0,0.18,incorrect,madrid,0,0.31,incorrect,god,0,0.2,incorrect,orhan kemal,0,0.33,incorrect,chuot,0,0.17,incorrect,madrid,0,0.31,incorrect
"[""winston'a"", 'winston']",disney,0,0.46,incorrect,jesus,0,0.17,incorrect,atlantis,0,0.27,incorrect,orunmila,0,0.35,incorrect,god,0,0.2,incorrect,god,0,0.2,incorrect,tahiti,0,0.31,incorrect,noah,0,0.46,incorrect,cuuhaa,0,0.13,incorrect,ramayana,0,0.24,incorrect,andriamanitra,0,0.36,incorrect,andriamahilani,0,0.19,incorrect,jesus,0,0.17,incorrect,orunmila,0,0.35,incorrect,god,0,0.2,incorrect,noah,0,0.46,incorrect,ramayana,0,0.24,incorrect,andriamahilani,0,0.19,incorrect,him,0,0.2,incorrect,noah,0,0.46,incorrect,kafes,0,0.17,incorrect,kafes,0,0.17,incorrect,nobody,0,0.31,incorrect,chuot,0,0.17,incorrect,el,0,0.0,incorrect,orwell,0,0.15,incorrect,noah,0,0.46,incorrect,kafes,0,0.17,incorrect,chuot,0,0.17,incorrect,orwell,0,0.15,incorrect
"['o’brien', ""o'brien"", ""o'brien—""]",god,0,0.2,incorrect,jesus,0,0.17,incorrect,job,0,0.4,incorrect,odin,0,0.55,incorrect,shakespeare,0,0.22,incorrect,god,0,0.2,incorrect,god,0,0.2,incorrect,tahiti,0,0.15,incorrect,shikari,0,0.29,incorrect,chuha,0,0.0,incorrect,god,0,0.2,incorrect,andriamanitra,0,0.3,incorrect,jesus,0,0.17,incorrect,odin,0,0.55,incorrect,god,0,0.2,incorrect,tahiti,0,0.15,incorrect,chuha,0,0.0,incorrect,andriamanitra,0,0.3,incorrect,montresor,0,0.38,incorrect,hamster,0,0.14,incorrect,adem,0,0.18,incorrect,insan,0,0.33,incorrect,khong co thong tin,0,0.24,incorrect,chuot,0,0.17,incorrect,edmundo dantes,0,0.19,incorrect,raton,0,0.33,incorrect,hamster,0,0.14,incorrect,insan,0,0.33,incorrect,chuot,0,0.17,incorrect,raton,0,0.33,incorrect
"['winston’s', 'tim', ""winston'ın"", 'tim winston', 'winston']",adolf hitler,0,0.26,incorrect,thabo mbeki,0,0.29,incorrect,adulawo,0,0.29,incorrect,cape of good hope,0,0.14,incorrect,winston churchill,0,0.59,incorrect,africa,0,0.22,incorrect,eileen,0,0.31,incorrect,noah,0,0.36,incorrect,erwin rommel,0,0.42,incorrect,africa,0,0.22,incorrect,africa,0,0.22,incorrect,africa,0,0.22,incorrect,thabo mbeki,0,0.29,incorrect,cape of good hope,0,0.14,incorrect,africa,0,0.22,incorrect,noah,0,0.36,incorrect,africa,0,0.22,incorrect,africa,0,0.22,incorrect,winston,1,1.0,correct,africa,0,0.22,incorrect,stalin,0,0.5,incorrect,afrika,0,0.22,incorrect,winston,1,1.0,correct,winston,1,1.0,correct,winston,1,1.0,correct,africa,0,0.22,incorrect,africa,0,0.22,incorrect,afrika,0,0.22,incorrect,winston,1,1.0,correct,africa,0,0.22,incorrect
['winston'],nelson mandela,0,0.38,incorrect,che guevara,0,0.0,incorrect,adulawo,0,0.29,incorrect,adulawo,0,0.29,incorrect,nelson mandela,0,0.38,incorrect,africa,0,0.15,incorrect,afirika,0,0.14,incorrect,africa,0,0.15,incorrect,jena,0,0.18,incorrect,africa,0,0.15,incorrect,mozart,0,0.15,incorrect,madagascar,0,0.12,incorrect,che guevara,0,0.0,incorrect,adulawo,0,0.29,incorrect,africa,0,0.15,incorrect,africa,0,0.15,incorrect,africa,0,0.15,incorrect,madagascar,0,0.12,incorrect,winston,1,1.0,correct,winston,1,1.0,correct,muzigi,0,0.15,incorrect,afrika,0,0.15,incorrect,anh,0,0.2,incorrect,nguyen du,0,0.25,incorrect,africa,0,0.15,incorrect,africa,0,0.15,incorrect,winston,1,1.0,correct,afrika,0,0.15,incorrect,nguyen du,0,0.25,incorrect,africa,0,0.15,incorrect
['winston'],linoha,0,0.46,incorrect,jesus,0,0.17,incorrect,oliver,0,0.15,incorrect,london,0,0.46,incorrect,tim,0,0.2,incorrect,jesus,0,0.17,incorrect,jesus,0,0.17,incorrect,tahiti,0,0.31,incorrect,venskontting,0,0.42,incorrect,winnie the pooh,0,0.45,incorrect,tom,0,0.4,incorrect,adam,0,0.0,incorrect,jesus,0,0.17,incorrect,london,0,0.46,incorrect,jesus,0,0.17,incorrect,tahiti,0,0.31,incorrect,winnie the pooh,0,0.45,incorrect,adam,0,0.0,incorrect,he,0,0.0,incorrect,ludo,0,0.18,incorrect,cocuk,0,0.17,incorrect,kucuk,0,0.0,incorrect,anh,0,0.2,incorrect,thanh,0,0.33,incorrect,el,0,0.0,incorrect,jesus,0,0.17,incorrect,ludo,0,0.18,incorrect,kucuk,0,0.0,incorrect,thanh,0,0.33,incorrect,jesus,0,0.17,incorrect
"['winston,', 'winston']",winston,1,1.0,correct,disney,0,0.46,incorrect,odin,0,0.36,incorrect,oduduwa,0,0.14,incorrect,jesus,0,0.17,incorrect,shakespeare,0,0.11,incorrect,jesus,0,0.17,incorrect,tahiti,0,0.31,incorrect,julius caesar,0,0.2,incorrect,jesus,0,0.17,incorrect,jesus,0,0.17,incorrect,jesus,0,0.17,incorrect,disney,0,0.46,incorrect,oduduwa,0,0.14,incorrect,shakespeare,0,0.11,incorrect,tahiti,0,0.31,incorrect,jesus,0,0.17,incorrect,jesus,0,0.17,incorrect,winston,1,1.0,correct,winston,1,1.0,correct,winston,1,1.0,correct,sevgi,0,0.17,incorrect,nguyen tuong tam,0,0.35,incorrect,thien,0,0.33,incorrect,winston,1,1.0,correct,ginebra,0,0.29,incorrect,winston,1,1.0,correct,sevgi,0,0.17,incorrect,thien,0,0.33,incorrect,ginebra,0,0.29,incorrect
